9 0.673505 2949 1.52892e+09
10 0.800297 3339 1.529e+09
11 0.84083 3652 1.52901e+09
11 0.934718 3698 1.52901e+09
11 0.934718 3698 1.52901e+09
11 0.936844 3916 1.5291e+09
12 0.941371 4553 1.52914e+09
13 0.942772 4772 1.52916e+09
14 0.947218 5226 1.52917e+09
14 1.96138 5426 1.52919e+09
15 2.99974 5541 1.52923e+09
16 3.00263 5546 1.52925e+09
16 3.06545 5633 1.52925e+09
17 3.15242 5808 1.52926e+09
17 3.15905 5938 1.52926e+09
18 3.16251 6236 1.52935e+09
18 3.16251 6236 1.52935e+09
18 3.16251 6236 1.52935e+09
18 3.16265 6442 1.52966e+09
19 3.16753 6900 1.52985e+09
20 3.17135 7673 1.52987e+09
20 3.17945 7769 1.52996e+09
21 3.61907 8141 1.53002e+09
21 3.61907 8141 1.53002e+09
21 3.61907 8141 1.53002e+09
21 3.61907 8141 1.53002e+09
21 3.61907 8141 1.53002e+09
21 3.61907 8141 1.53002e+09
21 3.61907 8141 1.53002e+09
21 3.61907 8141 1.53002e+09
21 3.61907 8141 1.53002e+09
21 3.61907 8141 1.53002e+09
21 3.61907 8141 1.53002e+09
21 3.61907 8141 1.53002e+09
21 3.61907 8141 1.53002e+09
21 3.61907 8141 1.53002e+09
21 3.61907 8141 1.53002e+09
21 3.61907 8141 1.53002e+09
21 3.61907 8141 1.53002e+09
21 3.61959 8160 1.53004e+09
21 3.63096 8212 1.53018e+09
21 3.63186 8503 1.5302e+09
